100 2 20 21
101 1 21
102 2 20 53
103 1 20
104 1 38
105 2 41 53
106 3 39 45 46
107 3 39 45 46
108 2 39 45
109 1 46
110 2 12 53
111 11 46 49 18 2 50 37 44 52 19 30 47
112 2 46 53
113 1 46
114 1 49
115 1 49
116 2 49 53
117 2 49 53
118 1 49
119 2 10 53
120 9 18 2 50 37 44 52 19 30 53
121 9 18 2 50 37 44 52 19 30 53
122 1 18
123 1 18
124 2 19 30
125 2 19 53
126 1 19
127 1 50
128 1 37
129 2 31 33
130 2 44 52
131 4 18 15 16 2
132 5 5 18 15 16 2
133 3 23 0 53
134 5 5 18 15 16 2
135 3 7 9 53
136 5 5 18 15 16 2
137 2 7 9
138 2 23 0
139 4 18 15 16 2
140 2 53 8
141 5 5 18 15 16 22
142 3 18 15 16
143 2 4 13
144 6 24 26 27 28 29 1
145 1 47
146 2 19 53
147 1 18 
148 2 12 53
149 2 8 53
