100 1 54
101 1 54
102 1 21
103 2 20 21
104 2 41 11
105 1 11
106 1 14
107 2 18 10
108 2 18 10
109 2 18 10
110 1 14
111 1 32
112 10 49 18 2 50 37 44 52 19 30 47
113 11 46 49 18 2 50 37 44 52 19 30 47
114 1 34
115 2 49 34
116 1 34
117 9 18 2 50 37 44 52 19 30 47
118 10 49 18 2 50 37 44 52 19 30 47
119 1 11
120 4 47 35 31 33
121 12 18 2 50 37 44 52 19 30 47 35 31 33
122 12 18 2 50 37 44 52 19 30 47 35 31 33
123 2 25 6
124 12 18 2 50 37 44 52 19 30 47 35 31 33
125 1 30
126 1 11
127 12 18 2 50 37 44 52 19 30 47 35 31 33
128 12 18 2 50 37 44 52 19 30 47 35 31 33
129 12 18 2 50 37 44 52 19 30 47 35 31 33
130 12 18 2 50 37 44 52 19 30 47 35 31 33
131 1 6
132 2 6 11
133 2 6 11
134 4 23 0 6 11
135 4 23 0 6 11
136 6 7 9 23 0 6 11
137 5 5 18 15 16 2
138 5 5 18 15 16 2
139 6 7 9 23 0 6 11
140 6 7 9 23 0 6 11
141 1 6
142 7 6 24 26 27 28 29 1
143 1 5
144 3 18 15 16
145 1 32
146 1 11
147 1 14
148 1 14
149 2 25 6
