50 90
100 1 2 102 101
101 1 3 21 111 32
102 1 2 103 102
102 2 1 53
103 1 6 20 104 105 11 111 32
104 1 6 38 42 40 19 106 14
105 1 6 41 42 40 19 106 14
105 2 1 53
106 1 3 107 18 110
107 1 1 108
107 2 1 109
108 1 1 39
108 2 1 45
109 1 2 46 2
110 1 2 12 106
110 2 1 53
111 1 4 112 117 120 145
112 1 2 113 112
112 2 1 53
113 1 5 46 2 114 34 11
114 1 3 115 115 116
115 1 5 49 108 10 17 11
116 1 2 115 116
116 2 1 53
117 1 2 118 117
117 2 1 53
118 1 6 49 107 10 18 119 11
119 1 2 10 36
119 2 1 53
120 1 2 121 120
120 2 1 53
121 1 1 122
121 2 1 127
121 3 1 128
121 4 1 130
121 5 1 124
122 1 4 123 25 132 11
123 1 2 18 149 
124 1 7 125 30 20 51 43 126 11
125 1 4 19 147 14 25
125 2 1 53
126 1 3 19 147 14
127 1 7 50 5 141 6 121 120 35
128 1 8 37 5 141 6 48 121 120 129
129 1 4 31 121 120 33
129 2 1 33
130 1 5 44 5 123 6 11
130 2 5 52 5 131 6 11
131 1 1 142
131 2 3 2 8 17
132 1 2 134 133
133 1 3 138 134 133
133 2 1 53
134 1 2 136 135
135 1 3 137 136 135
135 2 1 53
136 1 3 5 132 6
136 2 1 139
137 1 1 7
137 2 1 9
138 1 1 23
138 2 1 0
139 1 1 18
139 2 1 15
139 3 1 16
139 4 2 2 140
140 1 2 8 17
140 2 1 53
141 1 7 5 141 6 143 5 141 6
141 2 3 142 144 142
141 3 2 22 141
142 1 1 18
142 2 1 15
142 3 1 16
143 1 1 4
143 2 1 13
144 1 1 24
144 2 1 26
144 3 1 27
144 4 1 28
144 5 1 29
144 6 1 1
145 1 3 47 146 11
146 1 3 19 147 14
146 2 1 53
147 1 2 18 148
148 1 2 12 147
148 2 1 53
149 1 2 8 17
149 2 1 53
