                    TK_MINUS TK_NE TK_RECORDID TK_COMMENT TK_AND TK_OP TK_CL TK_MUL TK_DOT TK_DIV TK_COLON TK_SEM TK_COMMA TK_OR TK_SQR TK_NUM TK_RNUM TK_FIELDID TK_ID TK_SQL TK_FUNID TK_MAIN TK_NOT TK_PLUS TK_LT TK_ASSIGNOP TK_LE TK_EQ TK_GT TK_GE TK_CALL TK_ELSE TK_END TK_ENDIF TK_ENDRECORD TK_ENDWHILE TK_GLOBAL TK_IF TK_INPUT TK_INT TK_LIST TK_OUTPUT TK_PARAMETER TK_PARAMETERS TK_READ TK_REAL TK_RECORD TK_RETURN TK_THEN TK_TYPE TK_WHILE TK_WITH TK_WRITE TK_EPS TK_DOLLAR 
<program>	0	0	0	0	0	0	0	0	0	0	0	0	0	0	0	0	0	0	0	0	1001	1001	0	0	0	0	0	0	0	0	0	0	0	0	0	0	0	0	0	0	0	0	0	0	0	0	0	0	0	0	0	0	0	0	0	
<mainFunction>	0	0	0	0	0	0	0	0	0	0	0	0	0	0	0	0	0	0	0	0	0	1011	0	0	0	0	0	0	0	0	0	0	0	0	0	0	0	0	0	0	0	0	0	0	0	0	0	0	0	0	0	0	0	0	0	
<otherFunctions>	0	0	0	0	0	0	0	0	0	0	0	0	0	0	0	0	0	0	0	0	1021	1022	0	0	0	0	0	0	0	0	0	0	0	0	0	0	0	0	0	0	0	0	0	0	0	0	0	0	0	0	0	0	0	1022	0	
<function>	0	0	0	0	0	0	0	0	0	0	0	0	0	0	0	0	0	0	0	0	1031	0	0	0	0	0	0	0	0	0	0	0	0	0	0	0	0	0	0	0	0	0	0	0	0	0	0	0	0	0	0	0	0	0	0	
<input_par>	0	0	0	0	0	0	0	0	0	0	0	0	0	0	0	0	0	0	0	0	0	0	0	0	0	0	0	0	0	0	0	0	0	0	0	0	0	0	1041	0	0	0	0	0	0	0	0	0	0	0	0	0	0	0	0	
<output_par>	0	0	0	0	0	0	0	0	0	0	0	1052	0	0	0	0	0	0	0	0	0	0	0	0	0	0	0	0	0	0	0	0	0	0	0	0	0	0	0	0	0	1051	0	0	0	0	0	0	0	0	0	0	0	1052	0	
<parameter_list>	0	0	0	0	0	0	0	0	0	0	0	0	0	0	0	0	0	0	0	0	0	0	0	0	0	0	0	0	0	0	0	0	0	0	0	0	0	0	0	1061	0	0	0	0	0	1061	1061	0	0	0	0	0	0	0	0	
<dataType>	0	0	0	0	0	0	0	0	0	0	0	0	0	0	0	0	0	0	0	0	0	0	0	0	0	0	0	0	0	0	0	0	0	0	0	0	0	0	0	1071	0	0	0	0	0	1071	1072	0	0	0	0	0	0	0	0	
<primitiveDatatype>	0	0	0	0	0	0	0	0	0	0	0	0	0	0	0	0	0	0	0	0	0	0	0	0	0	0	0	0	0	0	0	0	0	0	0	0	0	0	0	1081	0	0	0	0	0	1082	0	0	0	0	0	0	0	0	0	
<constructedDatatype>	0	0	0	0	0	0	0	0	0	0	0	0	0	0	0	0	0	0	0	0	0	0	0	0	0	0	0	0	0	0	0	0	0	0	0	0	0	0	0	0	0	0	0	0	0	0	1091	0	0	0	0	0	0	0	0	
<remaining_list>	0	0	0	0	0	0	0	0	0	0	0	0	1101	0	1102	0	0	0	0	0	0	0	0	0	0	0	0	0	0	0	0	0	0	0	0	0	0	0	0	0	0	0	0	0	0	0	0	0	0	0	0	0	0	1102	0	
<stmts>	0	0	1111	0	0	0	0	0	0	0	0	0	0	0	0	0	0	0	1111	1111	0	0	0	0	0	0	0	0	0	0	1111	0	0	0	0	0	0	1111	0	0	0	0	0	0	1111	0	1111	1111	0	1111	1111	0	1111	0	0	
<typeDefinitions>	0	0	1122	0	0	0	0	0	0	0	0	0	0	0	0	0	0	0	1122	1122	0	0	0	0	0	0	0	0	0	0	1122	0	0	0	0	0	0	1122	0	0	0	0	0	0	1122	0	1121	1122	0	1122	1122	0	1122	1122	0	
<typeDefinition>	0	0	0	0	0	0	0	0	0	0	0	0	0	0	0	0	0	0	0	0	0	0	0	0	0	0	0	0	0	0	0	0	0	0	0	0	0	0	0	0	0	0	0	0	0	0	1131	0	0	0	0	0	0	0	0	
<fieldDefinitions>	0	0	0	0	0	0	0	0	0	0	0	0	0	0	0	0	0	0	0	0	0	0	0	0	0	0	0	0	0	0	0	0	0	0	0	0	0	0	0	0	0	0	0	0	0	0	0	0	0	1141	0	0	0	0	0	
<filedDefinition>	0	0	0	0	0	0	0	0	0	0	0	0	0	0	0	0	0	0	0	0	0	0	0	0	0	0	0	0	0	0	0	0	0	0	0	0	0	0	0	0	0	0	0	0	0	0	0	0	0	1151	0	0	0	0	0	
<moreFields>	0	0	0	0	0	0	0	0	0	0	0	0	0	0	0	0	0	0	0	0	0	0	0	0	0	0	0	0	0	0	0	0	0	0	1162	0	0	0	0	0	0	0	0	0	0	0	0	0	0	1161	0	0	0	1162	0	
<declarations>	0	0	1172	0	0	0	0	0	0	0	0	0	0	0	0	0	0	0	1172	1172	0	0	0	0	0	0	0	0	0	0	1172	0	0	0	0	0	0	1172	0	0	0	0	0	0	1172	0	0	1172	0	1171	1172	0	1172	1172	0	
<declaration>	0	0	0	0	0	0	0	0	0	0	0	0	0	0	0	0	0	0	0	0	0	0	0	0	0	0	0	0	0	0	0	0	0	0	0	0	0	0	0	0	0	0	0	0	0	0	0	0	0	1181	0	0	0	0	0	
<global_or_not>	0	0	0	0	0	0	0	0	0	0	1191	1192	0	0	0	0	0	0	0	0	0	0	0	0	0	0	0	0	0	0	0	0	0	0	0	0	0	0	0	0	0	0	0	0	0	0	0	0	0	0	0	0	0	1192	0	
<otherStmts>	0	0	1201	0	0	0	0	0	0	0	0	0	0	0	0	0	0	0	1201	1201	0	0	0	0	0	0	0	0	0	0	1201	1202	0	1202	0	1202	0	1201	0	0	0	0	0	0	1201	0	0	1202	0	0	1201	0	1201	1202	0	
<stmt>	0	0	0	0	0	0	0	0	0	0	0	0	0	0	0	0	0	0	1211	1215	0	0	0	0	0	0	0	0	0	0	1215	0	0	0	0	0	0	1213	0	0	0	0	0	0	1214	0	0	0	0	0	1212	0	1214	0	0	
<assignmentStmt>	0	0	0	0	0	0	0	0	0	0	0	0	0	0	0	0	0	0	1221	0	0	0	0	0	0	0	0	0	0	0	0	0	0	0	0	0	0	0	0	0	0	0	0	0	0	0	0	0	0	0	0	0	0	0	0	
<singleOrRecId>	0	0	0	0	0	0	0	0	0	0	0	0	0	0	0	0	0	0	1231	0	0	0	0	0	0	0	0	0	0	0	0	0	0	0	0	0	0	0	0	0	0	0	0	0	0	0	0	0	0	0	0	0	0	0	0	
<funCallStmt>	0	0	0	0	0	0	0	0	0	0	0	0	0	0	0	0	0	0	0	1241	0	0	0	0	0	0	0	0	0	0	1241	0	0	0	0	0	0	0	0	0	0	0	0	0	0	0	0	0	0	0	0	0	0	0	0	
<outputParameters>	0	0	0	0	0	0	0	0	0	0	0	0	0	0	0	0	0	0	0	1251	0	0	0	0	0	0	0	0	0	0	1252	0	0	0	0	0	0	0	0	0	0	0	0	0	0	0	0	0	0	0	0	0	0	1252	0	
<inputParameters>	0	0	0	0	0	0	0	0	0	0	0	0	0	0	0	0	0	0	0	1261	0	0	0	0	0	0	0	0	0	0	0	0	0	0	0	0	0	0	0	0	0	0	0	0	0	0	0	0	0	0	0	0	0	0	0	
<iterativeStmt>	0	0	0	0	0	0	0	0	0	0	0	0	0	0	0	0	0	0	0	0	0	0	0	0	0	0	0	0	0	0	0	0	0	0	0	0	0	0	0	0	0	0	0	0	0	0	0	0	0	0	1271	0	0	0	0	
<conditionalStmt>	0	0	0	0	0	0	0	0	0	0	0	0	0	0	0	0	0	0	0	0	0	0	0	0	0	0	0	0	0	0	0	0	0	0	0	0	0	1281	0	0	0	0	0	0	0	0	0	0	0	0	0	0	0	0	0	
<elsePart>	0	0	0	0	0	0	0	0	0	0	0	0	0	0	0	0	0	0	0	0	0	0	0	0	0	0	0	0	0	0	0	1291	0	1292	0	0	0	0	0	0	0	0	0	0	0	0	0	0	0	0	0	0	0	0	0	
<ioStmt>	0	0	0	0	0	0	0	0	0	0	0	0	0	0	0	0	0	0	0	0	0	0	0	0	0	0	0	0	0	0	0	0	0	0	0	0	0	0	0	0	0	0	0	0	1301	0	0	0	0	0	0	0	1302	0	0	
<allVar>	0	0	1312	0	0	0	0	0	0	0	0	0	0	0	0	1311	1311	0	1311	0	0	0	0	0	0	0	0	0	0	0	0	0	0	0	0	0	0	0	0	0	0	0	0	0	0	0	0	0	0	0	0	0	0	0	0	
<arithmeticExpression>	0	0	1321	0	0	1321	0	0	0	0	0	0	0	0	0	1321	1321	0	1321	0	0	0	0	0	0	0	0	0	0	0	0	0	0	0	0	0	0	0	0	0	0	0	0	0	0	0	0	0	0	0	0	0	0	0	0	
<expPrime>	1331	0	0	0	0	0	1332	0	0	0	0	1332	0	0	0	0	0	0	0	0	0	0	0	1331	0	0	0	0	0	0	0	0	0	0	0	0	0	0	0	0	0	0	0	0	0	0	0	0	0	0	0	0	0	1332	0	
<term>	0	0	1341	0	0	1341	0	0	0	0	0	0	0	0	0	1341	1341	0	1341	0	0	0	0	0	0	0	0	0	0	0	0	0	0	0	0	0	0	0	0	0	0	0	0	0	0	0	0	0	0	0	0	0	0	0	0	
<termPrime>	1352	0	0	0	0	0	1352	1351	0	1351	0	1352	0	0	0	0	0	0	0	0	0	0	0	1352	0	0	0	0	0	0	0	0	0	0	0	0	0	0	0	0	0	0	0	0	0	0	0	0	0	0	0	0	0	1352	0	
<factor>	0	0	1362	0	0	1361	0	0	0	0	0	0	0	0	0	1362	1362	0	1362	0	0	0	0	0	0	0	0	0	0	0	0	0	0	0	0	0	0	0	0	0	0	0	0	0	0	0	0	0	0	0	0	0	0	0	0	
<highPrecedenceOperators>	0	0	0	0	0	0	0	1371	0	1372	0	0	0	0	0	0	0	0	0	0	0	0	0	0	0	0	0	0	0	0	0	0	0	0	0	0	0	0	0	0	0	0	0	0	0	0	0	0	0	0	0	0	0	0	0	
<lowPrecedenceOperators>	1382	0	0	0	0	0	0	0	0	0	0	0	0	0	0	0	0	0	0	0	0	0	0	1381	0	0	0	0	0	0	0	0	0	0	0	0	0	0	0	0	0	0	0	0	0	0	0	0	0	0	0	0	0	0	0	
<all>	0	0	1394	0	0	0	0	0	0	0	0	0	0	0	0	1392	1393	0	1391	0	0	0	0	0	0	0	0	0	0	0	0	0	0	0	0	0	0	0	0	0	0	0	0	0	0	0	0	0	0	0	0	0	0	0	0	
<temp>	1402	0	0	0	0	0	1402	1402	1401	1402	0	1402	0	0	0	0	0	0	0	0	0	0	0	1402	0	0	0	0	0	0	0	0	0	0	0	0	0	0	0	0	0	0	0	0	0	0	0	0	0	0	0	0	0	1402	0	
<booleanExpression>	0	0	0	0	0	1411	0	0	0	0	0	0	0	0	0	1412	1412	0	1412	0	0	0	1413	0	0	0	0	0	0	0	0	0	0	0	0	0	0	0	0	0	0	0	0	0	0	0	0	0	0	0	0	0	0	0	0	
<var>	0	0	0	0	0	0	0	0	0	0	0	0	0	0	0	1422	1423	0	1421	0	0	0	0	0	0	0	0	0	0	0	0	0	0	0	0	0	0	0	0	0	0	0	0	0	0	0	0	0	0	0	0	0	0	0	0	
<logicalOp>	0	0	0	0	1431	0	0	0	0	0	0	0	0	1432	0	0	0	0	0	0	0	0	0	0	0	0	0	0	0	0	0	0	0	0	0	0	0	0	0	0	0	0	0	0	0	0	0	0	0	0	0	0	0	0	0	
<relationalOp>	0	1446	0	0	0	0	0	0	0	0	0	0	0	0	0	0	0	0	0	0	0	0	0	0	1441	0	1442	1443	1444	1445	0	0	0	0	0	0	0	0	0	0	0	0	0	0	0	0	0	0	0	0	0	0	0	0	0	
<returnStmt>	0	0	0	0	0	0	0	0	0	0	0	0	0	0	0	0	0	0	0	0	0	0	0	0	0	0	0	0	0	0	0	0	0	0	0	0	0	0	0	0	0	0	0	0	0	0	0	1451	0	0	0	0	0	0	0	
<optionalReturn>	0	0	0	0	0	0	0	0	0	0	0	1462	0	0	0	0	0	0	0	1461	0	0	0	0	0	0	0	0	0	0	0	0	0	0	0	0	0	0	0	0	0	0	0	0	0	0	0	0	0	0	0	0	0	1462	0	
<idList>	0	0	0	0	0	0	0	0	0	0	0	0	0	0	0	0	0	0	1471	0	0	0	0	0	0	0	0	0	0	0	0	0	0	0	0	0	0	0	0	0	0	0	0	0	0	0	0	0	0	0	0	0	0	0	0	
<more_ids>	0	0	0	0	0	0	0	0	0	0	0	0	1481	0	1482	0	0	0	0	0	0	0	0	0	0	0	0	0	0	0	0	0	0	0	0	0	0	0	0	0	0	0	0	0	0	0	0	0	0	0	0	0	0	1482	0	
<singleOrRecIdprime>	0	0	0	0	0	0	1492	0	1491	0	0	0	0	0	0	0	0	0	0	0	0	0	0	0	0	1492	0	0	0	0	0	0	0	0	0	0	0	0	0	0	0	0	0	0	0	0	0	0	0	0	0	0	0	1492	0	
